loop 0
+--+--+--+--+--+
| 3| 5| 2| 1| 2|
+--+--+--+--+--+
| 5| 2| 8| 5| 8|
+--+--+--+--+--+
| 4| 6| X| 2| 9|
+--+--+--+--+--+
| 0| 9| 6| 8| 6|
+--+--+--+--+--+
| 6| 4| 1| 9| 8|
+--+--+--+--+--+

loop 1
+--+--+--+--+--+
| 3| 5| 2| 1| 2|
+--+--+--+--+--+
| 5| 2| 8| 5| 8|
+--+--+--+--+--+
| 4| 6| X| X| 9|
+--+--+--+--+--+
| 0| 9| 6| 8| 6|
+--+--+--+--+--+
| 6| 4| 1| 9| 8|
+--+--+--+--+--+

loop 2
+--+--+--+--+--+
| 3| 5| 2| 1| 2|
+--+--+--+--+--+
| 5| 2| 8| X| 8|
+--+--+--+--+--+
| 4| 6| X| X| 9|
+--+--+--+--+--+
| 0| 9| 6| 8| 6|
+--+--+--+--+--+
| 6| 4| 1| 9| 8|
+--+--+--+--+--+

final
+--+--+--+--+--+
| 3| 5| 2| X| 2|
+--+--+--+--+--+
| 5| 2| 8| X| 8|
+--+--+--+--+--+
| 4| 6| X| X| 9|
+--+--+--+--+--+
| 0| 9| 6| 8| 6|
+--+--+--+--+--+
| 6| 4| 1| 9| 8|
+--+--+--+--+--+

